Running time: 
LSTM: 4420.377295017242s
TCN: 3811.55175280571s
TFT1: 33922.16492462158s
TFT2: 33977.113520145416s